Tempo: 10.312766 segundos
Throughput: 38.786877 MOPs/segundo
CORRETO
