Tempo: 10.774951 segundos
Throughput: 37.123139 MOPs/segundo
CORRETO
