Tempo: 2.734667 segundos
Throughput: 146.270115 MOPs/segundo
CORRETO
