Tempo: 10.752592 segundos
Throughput: 37.200334 MOPs/segundo
CORRETO
