Tempo: 3.085219 segundos
Throughput: 129.650448 MOPs/segundo
CORRETO
