Tempo: 27.524199 segundos
Throughput: 14.532666 MOPs/segundo
CORRETO
