Tempo: 27.414477 segundos
Throughput: 14.590831 MOPs/segundo
CORRETO
