Tempo: 10.636315 segundos
Throughput: 37.607010 MOPs/segundo
CORRETO
