Tempo: 2.631525 segundos
Throughput: 152.003128 MOPs/segundo
CORRETO
