Tempo: 10.639363 segundos
Throughput: 37.596236 MOPs/segundo
CORRETO
