Tempo: 28.257358 segundos
Throughput: 14.155605 MOPs/segundo
CORRETO
