Tempo: 28.519114 segundos
Throughput: 14.025681 MOPs/segundo
CORRETO
