Tempo: 2.699089 segundos
Throughput: 148.198149 MOPs/segundo
CORRETO
