Tempo: 28.072226 segundos
Throughput: 14.248959 MOPs/segundo
CORRETO
