Tempo: 2.748914 segundos
Throughput: 145.511994 MOPs/segundo
CORRETO
