Tempo: 27.539439 segundos
Throughput: 14.524624 MOPs/segundo
CORRETO
