Tempo: 2.644671 segundos
Throughput: 151.247526 MOPs/segundo
CORRETO
