Tempo: 10.553251 segundos
Throughput: 37.903013 MOPs/segundo
CORRETO
