Tempo: 10.509061 segundos
Throughput: 38.062394 MOPs/segundo
CORRETO
