Tempo: 2.611511 segundos
Throughput: 153.168015 MOPs/segundo
CORRETO
