Tempo: 28.248515 segundos
Throughput: 14.160036 MOPs/segundo
CORRETO
