Tempo: 27.422712 segundos
Throughput: 14.586449 MOPs/segundo
CORRETO
