Tempo: 28.532931 segundos
Throughput: 14.018889 MOPs/segundo
CORRETO
