Tempo: 10.576473 segundos
Throughput: 37.819793 MOPs/segundo
CORRETO
