Tempo: 2.649358 segundos
Throughput: 150.979954 MOPs/segundo
CORRETO
