Tempo: 10.460529 segundos
Throughput: 38.238984 MOPs/segundo
CORRETO
