Tempo: 28.177446 segundos
Throughput: 14.195751 MOPs/segundo
CORRETO
