Tempo: 10.480202 segundos
Throughput: 38.167204 MOPs/segundo
CORRETO
