Tempo: 10.654756 segundos
Throughput: 37.541921 MOPs/segundo
CORRETO
