Tempo: 10.370856 segundos
Throughput: 38.569623 MOPs/segundo
CORRETO
