Tempo: 10.603625 segundos
Throughput: 37.722950 MOPs/segundo
CORRETO
