Tempo: 2.675274 segundos
Throughput: 149.517419 MOPs/segundo
CORRETO
