Tempo: 2.614071 segundos
Throughput: 153.018046 MOPs/segundo
CORRETO
