Tempo: 10.046169 segundos
Throughput: 39.816171 MOPs/segundo
CORRETO
